1 0.328999 0.939959 0.859843
2 0.518471 0.304979 0.619797
3 0.120499 0.290785 0.260937
4 0.878708 0.451039 0.765051
5 0.352347 0.846126 0.377306
6 0.794277 0.743429 0.141117
7 0.985711 0.647977 0.836810
8 0.202224 0.829867 0.796876
9 0.078449 0.926618 0.628913
10 0.938812 0.368489 0.813918
11 0.396055 0.362456 0.120519
12 0.915780 0.285240 0.973257
13 0.418132 0.922781 0.028247
14 0.295798 0.808452 0.920150
15 0.879531 0.886204 0.202518
16 0.226578 0.507029 0.942375
17 0.253691 0.894305 0.025923
18 0.827536 0.137742 0.317577
19 0.742369 0.760638 0.583136
20 0.567084 0.023924 0.110596
21 0.354351 0.887009 0.831508
22 0.017478 0.729689 0.075362
23 0.449959 0.335893 0.000316
24 0.353065 0.523549 0.442014
25 0.986574 0.071309 0.672680
26 0.948292 0.906818 0.629737
27 0.384951 0.965633 0.852078
28 0.005972 0.250751 0.668758
29 0.908392 0.642534 0.878690
30 0.327820 0.724437 0.935447
31 0.900858 0.569476 0.627846
32 0.303664 0.868481 0.479745
33 0.485583 0.778016 0.123210
34 0.924667 0.540857 0.906130
35 0.554678 0.785075 0.176762
36 0.963135 0.135328 0.217436
37 0.413490 0.220426 0.059062
38 0.717604 0.601046 0.694118
39 0.198700 0.123835 0.132639
40 0.992036 0.362931 0.432787
41 0.879921 0.380503 0.211609
42 0.029846 0.395333 0.643195
43 0.405121 0.487233 0.162351
44 0.645869 0.384616 0.968099
45 0.201132 0.189104 0.749847
46 0.421117 0.617165 0.921404
47 0.384937 0.048266 0.418881
48 0.336439 0.748092 0.059441
49 0.927879 0.287795 0.171282
50 0.777846 0.585431 0.586125
51 0.138833 0.054622 0.218959
52 0.711264 0.822130 0.473886
53 0.387085 0.138638 0.517133
54 0.106378 0.674895 0.071993
55 0.265387 0.400711 0.043166
56 0.882913 0.847847 0.556155
57 0.868981 0.288858 0.600032
58 0.083091 0.111628 0.894411
59 0.536227 0.136882 0.224419
60 0.795473 0.599929 0.554767
61 0.281070 0.136111 0.440091
62 0.028163 0.760576 0.000078
63 0.069531 0.867210 0.617816
64 0.556022 0.471896 0.227797
65 0.986059 0.877270 0.409656
66 0.661737 0.107330 0.196906
67 0.613934 0.998605 0.602037
68 0.484552 0.689117 0.984353
69 0.991035 0.814111 0.418009
70 0.190377 0.690112 0.175522
71 0.500144 0.083696 0.435597
72 0.155258 0.722412 0.285613
73 0.804530 0.804075 0.029628
74 0.293855 0.394138 0.562043
75 0.069255 0.039891 0.580213
76 0.571473 0.874646 0.951579
77 0.633765 0.043457 0.247338
78 0.491864 0.114855 0.038090
79 0.864830 0.244810 0.998337
80 0.349796 0.439479 0.250078
81 0.452101 0.040899 0.661697
82 0.139839 0.938894 0.995092
83 0.237321 0.738484 0.291659
84 0.276357 0.717412 0.325166
85 0.936059 0.990790 0.100996
86 0.026533 0.068901 0.460272
87 0.929717 0.833451 0.421544
88 0.077403 0.602258 0.597263
89 0.621507 0.051748 0.527676
90 0.834592 0.730375 0.445143
91 0.106138 0.714272 0.177351
92 0.675767 0.528845 0.685768
93 0.628147 0.282915 0.532358
94 0.909186 0.165331 0.369950
95 0.462740 0.694534 0.855036
96 0.043833 0.373817 0.418181
97 0.561036 0.946047 0.960627
98 0.674872 0.464703 0.372296
99 0.709283 0.552467 0.237258
100 0.596206 0.673368 0.380656
101 0.000954 0.508773 0.385808
102 0.671741 0.739548 0.199520
103 0.886991 0.195459 0.907505
104 0.660162 0.922490 0.988738
105 0.929693 0.900083 0.070610
106 0.519627 0.496747 0.699168
107 0.836336 0.878046 0.125700
108 0.274116 0.847525 0.015171
109 0.238930 0.450607 0.569449
110 0.833030 0.766607 0.435764
111 0.386643 0.742261 0.524799
112 0.049823 0.594175 0.922953
113 0.375044 0.190159 0.542450
114 0.397265 0.730616 0.470423
115 0.691571 0.189916 0.725861
116 0.648820 0.305149 0.582894
117 0.716166 0.643958 0.882183
118 0.896551 0.130356 0.723190
119 0.774291 0.361204 0.068422
120 0.278863 0.410956 0.736910
121 0.212141 0.301276 0.320630
122 0.912855 0.776632 0.422000
123 0.345239 0.267744 0.365211
124 0.775576 0.710576 0.571522
125 0.647160 0.146393 0.515155
126 0.821037 0.816804 0.401311
127 0.297618 0.715920 0.619152
128 0.682119 0.618545 0.831300
129 0.033260 0.020602 0.425585
130 0.920609 0.055386 0.228283
131 0.747646 0.782565 0.526904
132 0.240885 0.676703 0.702748
133 0.132082 0.145867 0.871579
134 0.861881 0.967169 0.937718
135 0.327820 0.887568 0.557371
136 0.154962 0.177854 0.012908
137 0.144364 0.581951 0.282755
138 0.642150 0.615310 0.253994
139 0.738814 0.527864 0.550619
140 0.370438 0.507480 0.837485
141 0.435918 0.636632 0.350098
142 0.765713 0.242293 0.925946
143 0.694821 0.311991 0.606872
144 0.682465 0.961492 0.592555
145 0.191330 0.265339 0.589930
146 0.423761 0.283170 0.674936
147 0.739723 0.830228 0.063406
148 0.715278 0.613424 0.054869
149 0.544643 0.943152 0.686667
150 0.074793 0.252035 0.508071
151 0.557592 0.616444 0.143897
152 0.320048 0.294225 0.177820
153 0.401473 0.252498 0.351751
154 0.229013 0.887173 0.133520
155 0.070686 0.543121 0.662347
156 0.549940 0.777534 0.398789
157 0.780574 0.764198 0.899208
158 0.395089 0.440458 0.828937
159 0.492657 0.245816 0.461449
160 0.355725 0.902132 0.384172
161 0.922131 0.024109 0.417478
162 0.115244 0.624845 0.775500
163 0.669564 0.011654 0.606059
164 0.986545 0.643382 0.366340
165 0.434343 0.548908 0.788389
166 0.554530 0.926577 0.184155
167 0.343244 0.418307 0.842212
168 0.338937 0.316722 0.598319
169 0.301566 0.172373 0.908443
170 0.351919 0.854186 0.779549
171 0.007528 0.979477 0.342038
172 0.600033 0.830615 0.589350
173 0.858215 0.478743 0.585159
174 0.108983 0.469389 0.811343
175 0.232875 0.785378 0.465113
176 0.399132 0.301551 0.409872
177 0.084479 0.420838 0.732722
178 0.316547 0.034888 0.539651
179 0.905539 0.777682 0.377803
180 0.585761 0.672791 0.919584
181 0.883736 0.874975 0.468538
182 0.437591 0.253024 0.909399
183 0.975786 0.829087 0.658889
184 0.825673 0.455022 0.083602
185 0.075666 0.673819 0.377967
186 0.708476 0.747549 0.589354
187 0.339126 0.920600 0.252188
188 0.210624 0.638221 0.049249
189 0.089332 0.883473 0.255315
190 0.205186 0.748781 0.680305
191 0.802548 0.287400 0.358006
192 0.031989 0.810231 0.725234
193 0.041974 0.420666 0.261530
194 0.977890 0.732839 0.767959
195 0.487817 0.677580 0.771949
196 0.095198 0.930371 0.562420
197 0.735417 0.365078 0.351026
198 0.558729 0.479508 0.086751
199 0.440301 0.115779 0.985257
200 0.742805 0.859699 0.658763
201 0.245713 0.370185 0.853363
202 0.104156 0.054358 0.517735
203 0.864659 0.464503 0.371689
204 0.485516 0.679565 0.027702
205 0.075768 0.713349 0.838379
206 0.640239 0.536636 0.071713
207 0.363125 0.918087 0.242927
208 0.227735 0.382226 0.203583
209 0.425092 0.224379 0.255310
210 0.753893 0.608727 0.032604
211 0.735428 0.077445 0.112432
212 0.217397 0.202316 0.023382
213 0.536297 0.358299 0.887304
214 0.567996 0.662181 0.140636
215 0.557170 0.564018 0.361567
216 0.894747 0.337998 0.611221
217 0.640774 0.736319 0.982073
218 0.737805 0.868197 0.557964
219 0.870384 0.642154 0.091118
220 0.197895 0.755400 0.717427
221 0.473841 0.760283 0.502993
222 0.204299 0.248499 0.617898
223 0.030120 0.710523 0.298763
224 0.741840 0.847978 0.889898
225 0.953844 0.862897 0.428546
226 0.079957 0.078490 0.104691
227 0.066698 0.099627 0.316090
228 0.472510 0.655528 0.524147
229 0.584394 0.218861 0.276730
230 0.512366 0.973440 0.064646
231 0.227079 0.885131 0.450573
232 0.927173 0.827318 0.957088
233 0.521125 0.343306 0.519369
234 0.741905 0.047642 0.159771
235 0.498874 0.028853 0.115705
236 0.187223 0.320893 0.542481
237 0.675028 0.181776 0.335280
238 0.116864 0.697070 0.866137
239 0.794967 0.939491 0.220805
240 0.146400 0.836647 0.350721
241 0.526291 0.256552 0.610578
242 0.112109 0.106408 0.050443
243 0.362753 0.158026 0.234944
244 0.478807 0.167369 0.286719
245 0.532035 0.557214 0.172043
246 0.128315 0.290788 0.073036
247 0.347114 0.763924 0.047095
248 0.291890 0.826263 0.035819
249 0.616159 0.948537 0.229538
250 0.961550 0.612816 0.843522
251 0.407631 0.883327 0.746183
252 0.339228 0.205727 0.085750
253 0.677478 0.907853 0.227218
254 0.895418 0.826714 0.451871
255 0.671398 0.076180 0.609922
256 0.015503 0.086817 0.415779
257 0.016331 0.353467 0.021070
258 0.505012 0.502374 0.940079
259 0.014150 0.435908 0.875573
260 0.487450 0.647880 0.204683
261 0.564285 0.067495 0.031062
262 0.076636 0.958758 0.398201
263 0.099068 0.551566 0.707378
264 0.317442 0.592314 0.572702
265 0.187658 0.776131 0.373476
266 0.203258 0.603324 0.786919
267 0.050884 0.130046 0.678967
268 0.640055 0.797110 0.620521
269 0.858944 0.126133 0.442965
270 0.341453 0.718123 0.299976
271 0.750224 0.252924 0.863095
272 0.618421 0.155744 0.430568
273 0.510505 0.341173 0.017703
274 0.218697 0.517653 0.569767
275 0.570819 0.521497 0.845116
276 0.147309 0.165378 0.052174
277 0.556823 0.754202 0.735163
278 0.005394 0.373735 0.372848
279 0.239035 0.734251 0.007045
280 0.133722 0.458844 0.847466
281 0.210808 0.475753 0.435831
282 0.482346 0.106469 0.502580
283 0.942206 0.020150 0.698620
284 0.321100 0.736725 0.246312
285 0.555103 0.777386 0.037928
286 0.340830 0.195951 0.386200
287 0.102464 0.212559 0.691603
288 0.042188 0.719913 0.239228
289 0.064151 0.904669 0.915609
290 0.247941 0.032310 0.982387
291 0.933836 0.846394 0.715923
292 0.781409 0.987083 0.113368
293 0.983974 0.929902 0.883711
294 0.890421 0.377438 0.685781
295 0.108838 0.671813 0.027542
296 0.359279 0.988712 0.608972
297 0.688094 0.770738 0.105328
298 0.260647 0.170739 0.224270
299 0.842154 0.446068 0.973480
300 0.851522 0.552534 0.716556
301 0.892411 0.151094 0.697826
302 0.883981 0.706996 0.893242
303 0.337413 0.017736 0.126969
304 0.547385 0.258581 0.056845
305 0.420673 0.811455 0.971888
306 0.273381 0.261257 0.641267
307 0.443291 0.262756 0.325216
308 0.240243 0.474173 0.926697
309 0.517753 0.054520 0.578635
310 0.857005 0.515321 0.510658
311 0.791614 0.430299 0.772090
312 0.763569 0.929175 0.205228
313 0.021005 0.133577 0.949019
314 0.154311 0.958833 0.224846
315 0.972308 0.620508 0.238993
316 0.633486 0.025742 0.925757
317 0.800986 0.670018 0.750100
318 0.508857 0.145729 0.444184
319 0.130263 0.694331 0.536094
320 0.544920 0.431504 0.523354
321 0.151011 0.439766 0.063984
322 0.593186 0.790815 0.435231
323 0.141669 0.446986 0.842601
324 0.521209 0.169037 0.586262
325 0.132956 0.279050 0.287772
326 0.510350 0.664487 0.541304
327 0.092372 0.143371 0.737379
328 0.930713 0.534532 0.148578
329 0.899170 0.452089 0.237689
330 0.872831 0.562026 0.083464
331 0.285906 0.535736 0.988379
332 0.990690 0.096925 0.080484
333 0.042203 0.460591 0.234813
334 0.481098 0.734876 0.387163
335 0.598716 0.741603 0.083082
336 0.979005 0.062993 0.055760
337 0.435456 0.989644 0.287066
338 0.064375 0.843322 0.915117
339 0.811973 0.789267 0.578982
340 0.680843 0.082105 0.477278
341 0.692622 0.080570 0.817575
342 0.960293 0.656011 0.205372
343 0.771464 0.757052 0.946855
344 0.879091 0.215846 0.453663
345 0.858828 0.361198 0.054731
346 0.600183 0.867308 0.291724
347 0.675895 0.821367 0.288035
348 0.473237 0.027525 0.132519
349 0.512286 0.123458 0.784303
350 0.462225 0.601477 0.610085
351 0.680521 0.064557 0.052015
352 0.563775 0.976063 0.585151
353 0.999141 0.309898 0.785873
354 0.085898 0.359043 0.881161
355 0.929505 0.916825 0.929991
356 0.708904 0.088425 0.947552
357 0.747915 0.194773 0.872460
358 0.346323 0.882418 0.363939
359 0.060529 0.731349 0.351170
360 0.379916 0.470568 0.819599
361 0.615635 0.508958 0.727062
362 0.125739 0.210004 0.692099
363 0.192971 0.856549 0.075549
364 0.610382 0.034379 0.410023
365 0.571707 0.356715 0.165679
366 0.559993 0.982726 0.937335
367 0.950346 0.478691 0.146956
368 0.696110 0.944527 0.580288
369 0.591561 0.975359 0.860582
370 0.419578 0.672375 0.068319
371 0.077761 0.820486 0.191176
372 0.204529 0.919584 0.577979
373 0.675287 0.004107 0.880286
374 0.211217 0.369516 0.430290
375 0.941936 0.628502 0.519755
376 0.025924 0.951026 0.199088
377 0.797521 0.656111 0.205195
378 0.860463 0.655864 0.320033
379 0.658203 0.342411 0.361831
380 0.559808 0.511992 0.492445
381 0.660674 0.124602 0.977164
382 0.785254 0.790308 0.561406
383 0.683009 0.868229 0.150961
384 0.743658 0.593102 0.784599
385 0.647449 0.366901 0.025796
386 0.928510 0.233970 0.915965
387 0.800499 0.538204 0.173459
388 0.055692 0.679338 0.587291
389 0.215649 0.788383 0.434635
390 0.662652 0.626616 0.594711
391 0.911555 0.899981 0.551143
392 0.566639 0.448752 0.940714
393 0.827294 0.029185 0.569802
394 0.907398 0.496157 0.015024
395 0.703212 0.088434 0.622244
396 0.145773 0.842555 0.131869
397 0.718292 0.011734 0.772687
398 0.682851 0.130570 0.765659
399 0.776917 0.423833 0.380879
400 0.209890 0.843002 0.183041
401 0.678891 0.690905 0.003269
402 0.280624 0.376070 0.764980
403 0.233346 0.065728 0.645467
404 0.961879 0.018113 0.070842
405 0.241221 0.366033 0.670764
406 0.899416 0.515985 0.981533
407 0.399705 0.490633 0.317325
408 0.385456 0.051734 0.953147
409 0.130520 0.815148 0.824626
410 0.185656 0.014454 0.208494
411 0.079848 0.085107 0.957584
412 0.820589 0.269979 0.698804
413 0.430792 0.806098 0.944355
414 0.000564 0.673843 0.995008
415 0.988644 0.703163 0.811910
416 0.344744 0.560348 0.789162
417 0.364275 0.584691 0.343916
418 0.966170 0.733482 0.815465
419 0.237302 0.976858 0.219913
420 0.691219 0.881473 0.763383
421 0.772139 0.306456 0.392951
422 0.641129 0.979767 0.987336
423 0.794360 0.587947 0.319371
424 0.081187 0.659135 0.307349
425 0.120781 0.146170 0.818950
426 0.243580 0.805694 0.241545
427 0.037290 0.955601 0.813131
428 0.458658 0.707340 0.094238
429 0.121518 0.383638 0.079320
430 0.463016 0.704043 0.379010
431 0.705000 0.477443 0.716037
432 0.687549 0.080664 0.400169
433 0.725815 0.528314 0.360063
434 0.002600 0.711276 0.226395
435 0.396115 0.608024 0.309253
436 0.760504 0.102128 0.112636
437 0.252837 0.823633 0.608926
438 0.705974 0.340873 0.390426
439 0.695556 0.555174 0.040860
440 0.496789 0.154181 0.110931
441 0.316900 0.802407 0.271878
442 0.660033 0.522377 0.364331
443 0.912158 0.464723 0.942136
444 0.040290 0.013793 0.152028
445 0.832931 0.848838 0.349317
446 0.317412 0.601220 0.120533
447 0.766974 0.661548 0.668785
448 0.333377 0.721825 0.224505
449 0.388256 0.294165 0.310269
450 0.019155 0.453019 0.587111
451 0.115276 0.313881 0.805368
452 0.013420 0.860547 0.478061
453 0.923445 0.498685 0.669313
454 0.936484 0.082757 0.913156
455 0.539343 0.812944 0.076559
456 0.139120 0.485130 0.765553
457 0.942605 0.291930 0.132031
458 0.863218 0.092936 0.832023
459 0.879060 0.675403 0.502424
460 0.022184 0.843397 0.828845
461 0.129600 0.159548 0.902307
462 0.282292 0.037116 0.909927
463 0.016457 0.928281 0.034257
464 0.404550 0.845525 0.812950
465 0.080245 0.800900 0.960381
466 0.838551 0.004205 0.275014
467 0.982427 0.763043 0.987809
468 0.833906 0.280321 0.852983
469 0.869653 0.683715 0.791629
470 0.539353 0.754054 0.082752
471 0.383862 0.277968 0.440371
472 0.156355 0.990638 0.406945
473 0.114184 0.900098 0.863593
474 0.725035 0.602315 0.246380
475 0.857308 0.509548 0.279506
476 0.266828 0.361283 0.616328
477 0.470555 0.834551 0.599812
478 0.176915 0.360956 0.256861
479 0.318629 0.270852 0.950505
480 0.326159 0.816809 0.946622
481 0.380581 0.735320 0.767423
482 0.518428 0.584925 0.823630
483 0.441103 0.123242 0.338200
484 0.382763 0.597160 0.513315
485 0.011877 0.359821 0.983103
486 0.954008 0.885071 0.400023
487 0.828076 0.566937 0.099500
488 0.041317 0.172285 0.154310
489 0.581475 0.976712 0.292152
490 0.329426 0.440126 0.572637
491 0.612733 0.889907 0.830527
492 0.832901 0.680066 0.924464
493 0.762290 0.520344 0.951055
494 0.081065 0.471858 0.175176
495 0.343761 0.029385 0.443798
496 0.116262 0.027115 0.974521
497 0.214317 0.312479 0.638532
498 0.203710 0.092417 0.807199
499 0.370370 0.450539 0.552495
500 0.621762 0.396366 0.909439
