(0.282727,-0.414949,-1) (1,-1,-1) (0.578509,-1,-0.0723854) (-0.0538309,-1,-1) (0.583558,-0.465383,-0.473857) (1,-0.437095,-1) (0.35687,-1,-0.344879) (1,-0.47134,-0.562102) (1,-1,-0.166215) (0.541482,-0.918563,-0.125127)
(1,5,0,3) (1,8,7,5) (1,3,6,2,8) (2,9,4,7,8) (2,6,9) (3,0,4,9,6) (4,0,5,7)
(-0,0,-1) (1,0,0) (0,-1,0) (0.175425,0.590115,0.788029) (-0.774572,0.0558497,0.630015) (-0.76162,0.438132,0.477467) (0.0307665,0.996484,0.077927)


(1,0.389103,-1) (0.446536,0.0928963,-0.258155) (0.518984,0.453892,-1) (0.198259,-0.249884,-1) (0.282727,-0.414949,-1) (0.350482,0.339708,-0.562605) (1,-0.437095,-1) (0.583558,-0.465383,-0.473857) (0.475469,0.476331,-0.798173) (1,0.398312,-0.887888) (1,-0.47134,-0.562102) (1,0.0383104,-0.391094) (0.416139,-0.166722,-0.338972) (0.19741,-0.306239,-1)
(1,11,10,7,12) (1,5,8,9,11) (1,12,13,3,5) (2,0,9,8) (2,3,13,4,6,0) (2,8,5,3) (4,13,12,7) (4,7,10,6) (6,10,11,9,0)
(0.192665,-0.312149,0.930292) (0.21561,0.790699,0.572981) (-0.950176,0.0143157,0.311385) (0.133045,0.987783,-0.0811369) (0,-0,-1) (-0.884373,0.403028,-0.235485) (-0.732746,-0.575072,0.363836) (-0.0307665,-0.996484,-0.077927) (1,-0,0)


(-0.674283,0.198109,-1) (0.518984,0.453892,-1) (-0.56631,1,-1) (0.165666,1,-1) (0.0533192,1,-0.354611) (0.198259,-0.249884,-1) (0.475469,0.476331,-0.798173) (0.0783019,1,-0.391936) (-0.105657,1,-0.306964) (0.350482,0.339708,-0.562605) (-0.106861,0.971002,-0.3029) (0.0896006,0.811359,-0.341398)
(1,6,7,3) (1,5,9,6) (1,3,2,0,5) (2,8,10,0) (2,3,7,4,8) (4,11,10,8) (4,7,6,9,11) (5,0,10,11,9)
(0.833559,0.539293,0.119762) (0.884373,-0.403028,0.235485) (-0,0,-1) (-0.827623,0.111439,0.550111) (0,1,0) (0.28497,0.121405,0.950817) (0.815084,0.194977,0.545547) (-0.270819,-0.527466,0.805256)


(1,1,-0.449755) (0.518984,0.453892,-1) (0.165666,1,-1) (1,1,-1) (0.0783019,1,-0.391936) (1,0.389103,-1) (1,0.398312,-0.887888) (0.475469,0.476331,-0.798173)
(1,2,4,7) (1,5,3,2) (1,7,6,5) (2,3,0,4) (3,5,6,0) (4,0,6,7)
(-0.833559,-0.539293,-0.119762) (0,0,-1) (-0.133045,-0.987783,0.0811369) (0,1,-0) (1,0,0) (0.0506455,-0.587893,0.807352)


(-0.0538309,-1,-1) (0.583558,-0.465383,-0.473857) (-1,-0.451615,-0.658623) (0.329258,-0.144103,-0.190081) (-1,-0.537003,-0.687381) (-1,-0.797767,-1) (-0.761044,-0.266283,-0.46243) (-0.0642692,-0.139107,-0.0295213) (-0.633487,-1,-1) (0.416139,-0.166722,-0.338972) (0.369681,-0.698532,0.0250128) (0.35687,-1,-0.344879) (0.282727,-0.414949,-1) (0.19741,-0.306239,-1) (0.399442,-0.718315,0.0209832) (0.541482,-0.918563,-0.125127) (-0.960704,-0.381152,-1) (-1,-0.415082,-1)
(1,9,13,12) (1,15,14,3,9) (1,12,0,11,15) (2,17,16,6) (2,4,5,17) (2,6,7,10,4) (3,7,6,16,13,9) (3,14,10,7) (4,10,14,15,11,8,5) (5,8,0,12,13,16,17) (8,11,0)
(0.732746,0.575072,-0.363836) (0.848797,0.270686,0.454172) (0.76162,-0.438132,-0.477467) (-0.651409,0.754419,0.0807357) (-1,0,-0) (-0.468675,-0.281946,0.837168) (-0.0634242,0.980508,-0.185961) (0.356298,0.360419,0.862061) (-0.390142,-0.707067,0.589784) (0,0,-1) (-0,-1,0)


(-0.960704,-0.381152,-1) (0.19741,-0.306239,-1) (0.0896006,0.811359,-0.341398) (-0.106861,0.971002,-0.3029) (0.446536,0.0928963,-0.258155) (-0.250927,0.504527,0.0229137) (-0.0642692,-0.139107,-0.0295213) (-0.119159,0.230541,0.0822119) (0.198259,-0.249884,-1) (-0.674283,0.198109,-1) (-0.761044,-0.266283,-0.46243) (0.350482,0.339708,-0.562605) (0.416139,-0.166722,-0.338972) (0.329258,-0.144103,-0.190081) (0.420513,0.132573,-0.197214) (0.380671,0.0940261,-0.153239) (-0.574813,-0.0707143,-0.125541) (-0.146944,-0.0821409,0.0177499) (-0.424047,0.182708,-0.0297445) (-0.236689,0.393305,0.0709426)
(1,12,4,11,8) (1,0,10,6,13,12) (1,8,9,0) (2,14,15,7,19,5,3) (2,11,4,14) (2,3,9,8,11) (3,5,18,16,10,0,9) (4,12,13,15,14) (5,19,18) (6,17,7,15,13) (6,10,16,17) (7,17,16,18,19)
(0.950176,-0.0143157,-0.311385) (0.0634242,-0.980508,0.185961) (-3.92407e-17,-7.64281e-17,-1) (0.477681,0.399117,0.782641) (0.888302,0.451222,0.0855394) (0.270819,0.527466,-0.805256) (-0.872003,0.43117,0.23174) (0.817403,-0.2563,0.515909) (-0.648641,0.230232,0.725436) (0.366214,-0.218991,0.904395) (-0.214036,-0.788776,0.576212) (-0.317185,-0.164368,0.934011)


(-0.105657,1,-0.306964) (-0.574813,-0.0707143,-0.125541) (-1,1,-1) (-0.302238,1,0.103606) (-1,1,0.102771) (-0.960704,-0.381152,-1) (-0.424047,0.182708,-0.0297445) (-1,-0.320833,-0.188011) (-1,-0.451615,-0.658623) (-1,-0.415082,-1) (-0.674283,0.198109,-1) (-0.56631,1,-1) (-0.761044,-0.266283,-0.46243) (-0.7878,-0.177105,-0.088823) (-0.250927,0.504527,0.0229137) (-0.106861,0.971002,-0.3029) (-0.942025,-0.265591,-0.103429) (-1,-0.260503,-0.102669)
(1,12,8,7,16,13) (1,6,14,15,10,5,12) (1,13,6) (2,9,5,10,11) (2,4,17,7,8,9) (2,11,0,3,4) (3,0,15,14) (3,14,6,13,16,17,4) (5,9,8,12) (7,17,16) (10,15,0,11)
(0.466524,-0.852213,0.236828) (0.872003,-0.43117,-0.23174) (0.39056,-0.519608,0.759914) (4.93027e-15,-2.43782e-15,-1) (-1,0,0) (0,1,-0) (0.901705,0.0230689,0.431737) (-0.0011805,-0.16086,0.986976) (0.651409,-0.754419,-0.0807357) (-0.063969,-0.814892,0.576072) (0.827623,-0.111439,-0.550111)


(0.0533192,1,-0.354611) (0.0783019,1,-0.391936) (1,1,-0.449755) (1,1,0.102008) (0.420513,0.132573,-0.197214) (1,0.398312,-0.887888) (0.475469,0.476331,-0.798173) (0.0896006,0.811359,-0.341398) (0.350482,0.339708,-0.562605) (1,0.363082,0.0875328) (0.446536,0.0928963,-0.258155) (1,0.0383104,-0.391094)
(1,0,7,8,6) (1,2,3,0) (1,6,5,2) (2,5,11,9,3) (3,9,4,7,0) (4,9,11,10) (4,10,8,7) (5,6,8,10,11)
(-0.815084,-0.194977,-0.545547) (0,1,-0) (-0.0506455,0.587893,-0.807352) (1,0,-0) (-0.43435,-0.0204657,0.900512) (0.0531798,-0.826314,0.560694) (-0.888302,-0.451222,-0.0855394) (-0.21561,-0.790699,-0.572981)


(-1,-1,-1) (-0.633487,-1,-1) (0.541482,-0.918563,-0.125127) (0.369681,-0.698532,0.0250128) (0.35687,-1,-0.344879) (-0.738796,-1,0.0724599) (-1,-0.797767,-1) (-1,-0.537003,-0.687381) (-1,-0.83647,-0.255021) (-1,-1,-0.223731) (0.320399,-1,0.44302) (0.399442,-0.718315,0.0209832) (0.518057,-1,0.254559) (0.578509,-1,-0.0723854)
(1,4,2,11,3,7,6) (1,0,9,5,10,12,13,4) (1,6,0) (2,13,12,11) (2,4,13) (3,11,12,10) (3,10,5,8,7) (5,9,8) (6,7,8,9,0)
(0.390142,0.707067,-0.589784) (0,-1,0) (0,0,-1) (0.856192,0.491806,0.158309) (0.774572,-0.0558497,-0.630015) (0.515295,0.665126,0.540443) (-0.195364,0.806226,0.55842) (-0.744079,0.125555,0.656188) (-1,0,0)


(0.320399,-1,0.44302) (-0.462517,-0.667534,0.484522) (-0.0642692,-0.139107,-0.0295213) (0.369681,-0.698532,0.0250128) (-0.390388,-1,0.537616) (-0.761044,-0.266283,-0.46243) (-1,-0.83647,-0.255021) (-1,-0.320833,-0.188011) (-0.738796,-1,0.0724599) (-1,-0.537003,-0.687381) (0.257258,-1,0.529685) (-0.0953094,-0.520318,0.456125) (-1,-0.451615,-0.658623) (-0.146944,-0.0821409,0.0177499) (-0.7878,-0.177105,-0.088823) (-0.574813,-0.0707143,-0.125541) (-0.942025,-0.265591,-0.103429) (-0.896112,-0.260905,-0.0415223)
(1,11,10,4) (1,17,14,15,13,11) (1,4,8,6,7,16,17) (2,13,15,5) (2,3,0,10,11,13) (2,5,12,9,3) (3,9,6,8,0) (4,10,0,8) (5,15,14,16,7,12) (6,9,12,7) (14,17,16)
(0.0120854,0.160242,0.987004) (-0.217253,0.67746,0.702744) (-0.797961,-0.0776721,0.597683) (0.214036,0.788776,-0.576212) (0.667,0.564769,0.48595) (0.468675,0.281946,-0.837168) (0.195364,-0.806226,-0.55842) (0,-1,-0) (-0.466524,0.852213,-0.236828) (-1,8.76547e-17,-2.60269e-16) (-0.495428,0.813004,0.3059)


(1,-1,-0.166215) (0.380671,0.0940261,-0.153239) (1,0.191167,0.568853) (0.799162,0.103676,0.491449) (1,-0.485106,0.906931) (1,-1,0.998983) (1,0.0383104,-0.391094) (1,0.363082,0.0875328) (0.446536,0.0928963,-0.258155) (0.420513,0.132573,-0.197214) (0.583558,-0.465383,-0.473857) (1,-0.47134,-0.562102) (0.518057,-1,0.254559) (0.399442,-0.718315,0.0209832) (0.541482,-0.918563,-0.125127) (0.578509,-1,-0.0723854) (0.416139,-0.166722,-0.338972) (0.329258,-0.144103,-0.190081)
(1,17,16,8,9) (1,3,4,5,12,13,17) (1,9,7,2,3) (2,4,3) (2,7,6,11,0,5,4) (5,0,15,12) (6,7,9,8) (6,8,16,10,11) (10,16,17,13,14) (10,14,15,0,11) (12,15,14,13)
(-0.817403,0.2563,-0.515909) (-0.835504,0.0967027,0.540909) (-0.475069,0.828676,0.295982) (-0.474823,0.39353,0.787196) (1,0,0) (1.57678e-16,-1,7.08305e-16) (-0.0531798,0.826314,-0.560694) (-0.192665,0.312149,-0.930292) (-0.848797,-0.270686,-0.454172) (-0.175425,-0.590115,-0.788029) (-0.856192,-0.491806,-0.158309)


(-0.236689,0.393305,0.0709426) (1,0.191167,0.568853) (0.0896006,0.811359,-0.341398) (1,1,0.102008) (0.799162,0.103676,0.491449) (1,0.604824,0.81264) (-0.105657,1,-0.306964) (1,1,0.809085) (-0.287265,1,0.467772) (-0.119159,0.230541,0.0822119) (-0.0480288,0.275131,0.48349) (1,0.363082,0.0875328) (0.420513,0.132573,-0.197214) (0.380671,0.0940261,-0.153239) (-0.106861,0.971002,-0.3029) (0.0533192,1,-0.354611) (-0.0939382,0.355304,0.524833) (-0.23614,0.542891,0.485441) (-0.250927,0.504527,0.0229137) (-0.302238,1,0.103606)
(1,11,12,13,4) (1,5,7,3,11) (1,4,10,16,5) (2,15,6,14) (2,12,11,3,15) (2,14,18,0,9,13,12) (3,7,8,19,6,15) (4,13,9,10) (5,16,17,8,7) (6,19,18,14) (8,17,0,18,19) (9,0,17,16,10)
(0.475069,-0.828676,-0.295982) (1,0,0) (-0.110174,-0.50464,0.856271) (-0.28497,-0.121405,-0.950817) (0.43435,0.0204657,-0.900512) (-0.477681,-0.399117,-0.782641) (-4.35986e-17,1,1.79255e-18) (-0.197616,-0.969823,0.142796) (-0.25628,0.00869617,0.966564) (-0.901705,-0.0230689,-0.431737) (-0.993148,-0.109501,0.0408331) (-0.800263,-0.563704,0.204492)


(-1,-1,-0.223731) (-0.390388,-1,0.537616) (-0.462517,-0.667534,0.484522) (-0.887729,-0.335434,1) (-1,-1,1) (-0.677623,-1,1) (-0.896112,-0.260905,-0.0415223) (-0.861619,-0.32731,0.953834) (-1,-0.186885,0.487776) (-1,-0.319118,1) (-0.738796,-1,0.0724599) (-1,-0.83647,-0.255021) (-1,-0.260503,-0.102669) (-1,-0.18511,0.438083) (-0.942025,-0.265591,-0.103429) (-1,-0.320833,-0.188011)
(1,2,6,14,15,11,10) (1,5,3,7,2) (1,10,0,4,5) (2,7,8,13,6) (3,9,8,7) (3,5,4,9) (4,0,11,15,12,13,8,9) (6,13,12,14) (10,11,0) (12,15,14)
(0.797961,0.0776721,-0.597683) (0.820376,0.259366,0.509621) (-0,-1,0) (0.666451,0.745074,0.0266125) (0.139342,0.95881,0.24752) (0,-0,1) (-1,0,0) (0.0848092,0.986852,-0.137588) (0.744079,-0.125555,-0.656188) (0.063969,0.814892,-0.576072)


(-0.574813,-0.0707143,-0.125541) (-1,-0.18511,0.438083) (-1,-0.186885,0.487776) (-0.0939382,0.355304,0.524833) (-0.861619,-0.32731,0.953834) (-0.0953094,-0.520318,0.456125) (-1,-0.174559,0.46742) (-0.263791,0.536415,0.538994) (-0.146944,-0.0821409,0.0177499) (-0.284419,0.236129,1) (-0.711046,-0.200989,1) (-0.0480288,0.275131,0.48349) (-0.173908,0.0617437,1) (-0.0189732,-0.118041,0.775994) (-0.205424,0.147277,1) (-0.119159,0.230541,0.0822119) (-0.236689,0.393305,0.0709426) (-0.23614,0.542891,0.485441) (-0.462517,-0.667534,0.484522) (-0.896112,-0.260905,-0.0415223) (-0.7878,-0.177105,-0.088823) (-0.424047,0.182708,-0.0297445)
(1,2,4,18,19) (1,6,2) (1,19,20,21,16,17,7,6) (2,6,7,9,10,4) (3,17,16,15,11) (3,14,9,7,17) (3,11,13,12,14) (4,10,12,13,5,18) (5,8,0,20,19,18) (5,13,11,15,8) (8,15,16,21,0) (9,14,12,10) (20,0,21)
(-0.666451,-0.745074,-0.0266125) (-1,-0,-0) (-0.658861,0.707875,-0.254588) (-0.659116,0.643297,0.389532) (0.800263,0.563704,-0.204492) (0.677344,0.602201,0.422563) (0.87959,0.324093,0.34826) (0.306856,-0.627343,0.715737) (0.217253,-0.67746,-0.702744) (0.984272,-0.0527034,-0.168614) (0.317185,0.164368,-0.934011) (0,0,1) (-0.39056,0.519608,-0.759914)


(-0.146944,-0.0821409,0.0177499) (0.380671,0.0940261,-0.153239) (-0.0642692,-0.139107,-0.0295213) (-0.0953094,-0.520318,0.456125) (-0.0480288,0.275131,0.48349) (1,-1,1) (1,-0.60845,1) (-0.0189732,-0.118041,0.775994) (1,-1,0.998983) (0.799162,0.103676,0.491449) (0.329258,-0.144103,-0.190081) (1,-0.485106,0.906931) (0.715805,-1,1) (0.422317,-0.49873,1) (0.369681,-0.698532,0.0250128) (-0.119159,0.230541,0.0822119) (0.399442,-0.718315,0.0209832) (0.518057,-1,0.254559) (0.320399,-1,0.44302) (0.257258,-1,0.529685)
(1,15,0,2,10) (1,9,4,15) (1,10,16,17,8,11,9) (2,0,3,19,18,14) (2,14,16,10) (3,7,13,12,19) (3,0,15,4,7) (4,9,11,6,13,7) (5,12,13,6) (5,8,17,18,19,12) (5,6,11,8) (14,18,17,16)
(-0.366214,0.218991,-0.904395) (0.197616,0.969823,-0.142796) (0.835504,-0.0967027,-0.540909) (-0.667,-0.564769,-0.48595) (-0.356298,-0.360419,-0.862061) (-0.660331,-0.386616,0.643809) (-0.984272,0.0527034,0.168614) (0.113658,0.598418,0.793081) (-0,-0,1) (-6.94611e-16,-1,4.49694e-16) (1,0,0) (-0.515295,-0.665126,-0.540443)


(-0.424047,0.182708,-0.0297445) (-1,-0.174559,0.46742) (-1,1,0.102771) (-1,-0.260503,-0.102669) (-1,1,0.737486) (-0.236689,0.393305,0.0709426) (-0.896112,-0.260905,-0.0415223) (-1,-0.18511,0.438083) (-0.390333,1,0.661382) (-0.287265,1,0.467772) (-0.250927,0.504527,0.0229137) (-0.302238,1,0.103606) (-0.263791,0.536415,0.538994) (-0.23614,0.542891,0.485441) (-0.942025,-0.265591,-0.103429) (-0.7878,-0.177105,-0.088823)
(1,12,13,5,0,15,6,7) (1,4,8,12) (1,7,3,2,4) (2,3,14,15,0,10,11) (2,11,9,8,4) (3,7,6,14) (5,13,9,11,10) (5,10,0) (6,15,14) (8,9,13,12)
(0.658861,-0.707875,0.254588) (0.120764,-0.222442,0.967437) (-1,0,-0) (0.0011805,0.16086,-0.986976) (0,1,-0) (-0.0848092,-0.986852,0.137588) (0.993148,0.109501,-0.0408331) (0.648641,-0.230232,-0.725436) (0.495428,-0.813004,-0.3059) (0.876744,0.116101,0.466735)


(0.257258,-1,0.529685) (-0.677623,-1,1) (-0.390388,-1,0.537616) (0.422317,-0.49873,1) (-0.861619,-0.32731,0.953834) (0.715805,-1,1) (-0.887729,-0.335434,1) (-0.711046,-0.200989,1) (-0.0189732,-0.118041,0.775994) (-0.173908,0.0617437,1) (-0.462517,-0.667534,0.484522) (-0.0953094,-0.520318,0.456125)
(1,2,10,4,6) (1,5,0,2) (1,6,7,9,3,5) (2,0,11,10) (3,9,8) (3,8,11,0,5) (4,7,6) (4,10,11,8,9,7)
(-0.820376,-0.259366,-0.509621) (-0,-1,0) (0,0,1) (-0.0120854,-0.160242,-0.987004) (0.68074,0.724163,-0.110368) (0.660331,0.386616,-0.643809) (-0.593514,0.779979,-0.198431) (-0.306856,0.627343,-0.715737)


(-0.861619,-0.32731,0.953834) (-1,-0.174559,0.46742) (-1,1,0.737486) (-1,1,1) (-0.284419,0.236129,1) (-0.454634,1,1) (-0.263791,0.536415,0.538994) (-0.390333,1,0.661382) (-0.711046,-0.200989,1) (-1,-0.186885,0.487776) (-0.887729,-0.335434,1) (-1,-0.319118,1)
(1,9,0,8,4,6) (1,2,3,11,9) (1,6,7,2) (2,7,5,3) (3,5,4,8,10,11) (4,5,7,6) (8,0,10) (9,11,10,0)
(0.659116,-0.643297,-0.389532) (-1,-2.1041e-17,0) (-0.120764,0.222442,-0.967437) (0,1,0) (0,0,1) (0.959715,0.213856,0.182242) (0.593514,-0.779979,0.198431) (-0.139342,-0.95881,-0.24752)


(1,-0.60845,1) (-0.205424,0.147277,1) (-0.0189732,-0.118041,0.775994) (-0.0939382,0.355304,0.524833) (-0.0480288,0.275131,0.48349) (1,0.537011,1) (1,0.604824,0.81264) (1,0.191167,0.568853) (0.422317,-0.49873,1) (-0.173908,0.0617437,1) (1,-0.485106,0.906931) (0.799162,0.103676,0.491449)
(1,9,2,4,3) (1,5,0,8,9) (1,3,6,5) (2,9,8) (2,8,0,10,11,4) (3,4,11,7,6) (5,6,7,10,0) (7,11,10)
(-0.87959,-0.324093,-0.34826) (0,0,1) (-0.290871,0.899648,0.325618) (-0.68074,-0.724163,0.110368) (-0.113658,-0.598418,-0.793081) (0.110174,0.50464,-0.856271) (1,0,0) (0.474823,-0.39353,-0.787196)


(-0.263791,0.536415,0.538994) (-0.284419,0.236129,1) (1,1,0.809085) (-0.287265,1,0.467772) (-0.454634,1,1) (1,0.537011,1) (-0.205424,0.147277,1) (1,1,1) (1,0.604824,0.81264) (-0.23614,0.542891,0.485441) (-0.0939382,0.355304,0.524833) (-0.390333,1,0.661382)
(1,6,10,9,0) (1,4,7,5,6) (1,0,11,4) (2,3,9,10,8) (2,7,4,11,3) (2,8,5,7) (3,11,0,9) (5,8,10,6)
(-0.677344,-0.602201,-0.422563) (-0,0,1) (-0.959715,-0.213856,-0.182242) (0.25628,-0.00869617,-0.966564) (0,1,0) (1,0,-0) (-0.876744,-0.116101,-0.466735) (0.290871,-0.899648,-0.325618)


