1 0.206860 0.671665 0.331323
2 -0.424348 -0.833815 0.029888
3 0.349118 -0.210113 0.696034
4 0.663603 0.050173 -0.651708
5 -0.078135 -0.071292 -0.653285
6 0.306288 0.587780 -0.300884
7 -0.779484 0.602531 -0.375430
8 0.393363 0.166223 -0.216733
9 -0.037244 0.289058 0.270079
10 0.019490 -0.136847 -0.227684
11 0.681505 -0.051203 0.144524
12 0.208020 -0.755846 -0.950091
13 -0.869047 0.186138 0.996945
14 0.977543 0.229570 -0.860051
15 0.397548 0.672730 -0.030514
16 -0.833865 -0.569347 0.985449
17 -0.645613 0.830171 0.743247
18 -0.846933 -0.554278 -0.967021
19 -0.141367 0.409832 0.407579
20 -0.012722 0.695416 -0.313726
21 0.287874 -0.129193 -0.768300
22 0.283653 0.037578 0.442103
23 0.746636 0.653845 0.859002
24 0.066982 -0.022709 -0.675212
25 0.650593 -0.763523 -0.701245
26 -0.840005 0.606931 0.928710
27 0.588770 -0.134114 0.906970
28 -0.875735 -0.533868 -0.313929
29 -0.212134 -0.924979 0.495661
30 0.143573 -0.068584 -0.598295
31 0.051510 0.352874 0.819781
32 -0.415635 0.090770 -0.575922
33 -0.289117 -0.925384 0.634870
34 -0.148996 -0.079282 -0.527558
35 0.044380 -0.238960 -0.463572
36 0.374344 -0.146150 0.833382
37 -0.544146 0.511821 0.726565
38 -0.670340 -0.984343 0.767520
39 -0.793876 0.800866 0.942978
40 -0.895783 0.493132 0.839395
41 0.177463 0.547468 0.609059
42 0.574715 -0.591194 0.954250
43 0.809405 0.931229 -0.232429
44 -0.727209 -0.215999 0.569824
45 0.879283 -0.039264 -0.243282
46 0.908537 -0.175559 0.521247
47 0.290444 -0.761776 0.696252
48 0.366441 0.809142 0.868387
49 -0.781010 -0.989282 0.800331
50 0.710954 0.758493 0.065861
